{
 "cells": [
  {
   "cell_type": "code",
   "execution_count": 1,
   "id": "498e525a",
   "metadata": {},
   "outputs": [],
   "source": [
    "import pandas\n",
    "import nltk\n",
    "from nltk.corpus import wordnet\n",
    "import math"
   ]
  },
  {
   "cell_type": "code",
   "execution_count": 2,
   "id": "09a00ff5",
   "metadata": {},
   "outputs": [],
   "source": [
    "df = pandas.read_pickle(\"lcp_2021.pkl\")"
   ]
  },
  {
   "cell_type": "code",
   "execution_count": 3,
   "id": "026c6716",
   "metadata": {},
   "outputs": [],
   "source": [
    "df['synset_count'] = df.token.apply(lambda x : len(wordnet.synsets(str(x))))"
   ]
  },
  {
   "cell_type": "code",
   "execution_count": 4,
   "id": "87d3fea2",
   "metadata": {},
   "outputs": [],
   "source": [
    "def get_wn_depth(token):\n",
    "    synsets = wordnet.synsets(str(token))\n",
    "    if len(synsets) > 0:\n",
    "        return synsets[0].max_depth()\n",
    "    else:\n",
    "        return 0\n",
    "\n",
    "df['wn_depth'] = df.token.apply(lambda x : get_wn_depth(x))"
   ]
  },
  {
   "cell_type": "code",
   "execution_count": 5,
   "id": "edddc4fb",
   "metadata": {},
   "outputs": [],
   "source": [
    "def get_hyponyms(token):\n",
    "    synsets = wordnet.synsets(str(token))\n",
    "    if len(synsets) > 0:\n",
    "        return len(synsets[0].hyponyms())\n",
    "    else:\n",
    "        return 0\n",
    "\n",
    "df['hyponym_count'] = df.token.apply(lambda x : get_hyponyms(x))"
   ]
  },
  {
   "cell_type": "code",
   "execution_count": 6,
   "id": "3bc42562",
   "metadata": {},
   "outputs": [],
   "source": [
    "# to run this you will need a copy of the Web1T unigrams vocab_cs file\n",
    "\n",
    "vocab_cs_path = \"\"\n",
    "\n",
    "web_1T = {}\n",
    "with open(vocab_cs_path,'r') as f:\n",
    "    for line in f.readlines():\n",
    "        split = line.split(\"\\t\")\n",
    "        web_1T[split[0]] = int(split[1])\n",
    "\n",
    "def get_web1t_freq(token, log=False):\n",
    "    freq = 0\n",
    "    if token in web_1T:\n",
    "        freq = web_1T[token]\n",
    "    return math.log(freq+1) if log else freq \n",
    "\n",
    "\n",
    "df['web_1t'] = df.token.apply(lambda x : get_web1t_freq(x))\n",
    "df['log_web_1t'] = df.token.apply(lambda x : get_web1t_freq(x, True))"
   ]
  },
  {
   "cell_type": "code",
   "execution_count": 7,
   "id": "f7b3c3d6",
   "metadata": {},
   "outputs": [],
   "source": [
    "# to run this you will need a copy of the file: SUBTLEXus74286wordstextversion.txt\n",
    "\n",
    "subtlex_path = \"\"\n",
    "\n",
    "subtlex = {}\n",
    "with open(subtlex_path,'r') as f:\n",
    "    for line in f.readlines()[1:]:\n",
    "        split = line.split(\"\\t\")\n",
    "        subtlex[split[0]] = int(split[1])\n",
    "\n",
    "def get_subtlex_freq(token, log=False):\n",
    "    freq = 0\n",
    "    if token in subtlex:\n",
    "        freq = subtlex[token]\n",
    "    return math.log(freq+1) if log else freq \n",
    "\n",
    "\n",
    "df['subtlex'] = df.token.apply(lambda x : get_subtlex_freq(x))\n",
    "df['log_subtlex'] = df.token.apply(lambda x : get_subtlex_freq(x, True))"
   ]
  },
  {
   "cell_type": "code",
   "execution_count": 8,
   "id": "7ed69af8",
   "metadata": {},
   "outputs": [],
   "source": [
    "from wonderlic_nlp import WonderlicNLP\n",
    "from tqdm.notebook import tqdm"
   ]
  },
  {
   "cell_type": "code",
   "execution_count": 9,
   "id": "52266848",
   "metadata": {},
   "outputs": [],
   "source": [
    "wnlp = WonderlicNLP()\n",
    "\n",
    "ftrs = wnlp.analyze(\"cat\")"
   ]
  },
  {
   "cell_type": "code",
   "execution_count": 10,
   "id": "bdfaddcf",
   "metadata": {},
   "outputs": [
    {
     "data": {
      "application/vnd.jupyter.widget-view+json": {
       "model_id": "8a87752515c647c1b7be3429a2d999c7",
       "version_major": 2,
       "version_minor": 0
      },
      "text/plain": [
       "  0%|          | 0/10800 [00:00<?, ?it/s]"
      ]
     },
     "metadata": {},
     "output_type": "display_data"
    }
   ],
   "source": [
    "fam = []\n",
    "img = []\n",
    "cnc = []\n",
    "aoa = []\n",
    "\n",
    "for token in tqdm(df.token.to_list()):\n",
    "    ftrs = wnlp.analyze(str(token))\n",
    "    fam.append(ftrs['mrc']['Fam'])\n",
    "    img.append(ftrs['mrc']['Imag'])\n",
    "    cnc.append(ftrs['mrc']['Conc'])\n",
    "    aoa.append(ftrs['mrc']['AOA'])"
   ]
  },
  {
   "cell_type": "code",
   "execution_count": 11,
   "id": "529c74c3",
   "metadata": {},
   "outputs": [],
   "source": [
    "df['familiarity'] = fam\n",
    "df['imageability'] = img\n",
    "df['concreteness'] = cnc\n",
    "df['ageOfAcqu'] = aoa"
   ]
  },
  {
   "cell_type": "code",
   "execution_count": 12,
   "id": "8861e048",
   "metadata": {},
   "outputs": [
    {
     "data": {
      "text/html": [
       "<div>\n",
       "<style scoped>\n",
       "    .dataframe tbody tr th:only-of-type {\n",
       "        vertical-align: middle;\n",
       "    }\n",
       "\n",
       "    .dataframe tbody tr th {\n",
       "        vertical-align: top;\n",
       "    }\n",
       "\n",
       "    .dataframe thead th {\n",
       "        text-align: right;\n",
       "    }\n",
       "</style>\n",
       "<table border=\"1\" class=\"dataframe\">\n",
       "  <thead>\n",
       "    <tr style=\"text-align: right;\">\n",
       "      <th></th>\n",
       "      <th>anno_count</th>\n",
       "      <th>complexity</th>\n",
       "      <th>subjectivity</th>\n",
       "      <th>synset_count</th>\n",
       "      <th>wn_depth</th>\n",
       "      <th>hyponym_count</th>\n",
       "      <th>web_1t</th>\n",
       "      <th>log_web_1t</th>\n",
       "      <th>subtlex</th>\n",
       "      <th>log_subtlex</th>\n",
       "      <th>familiarity</th>\n",
       "      <th>imageability</th>\n",
       "      <th>concreteness</th>\n",
       "      <th>ageOfAcqu</th>\n",
       "    </tr>\n",
       "  </thead>\n",
       "  <tbody>\n",
       "    <tr>\n",
       "      <th>anno_count</th>\n",
       "      <td>1.000000</td>\n",
       "      <td>-0.006157</td>\n",
       "      <td>0.002166</td>\n",
       "      <td>-0.000456</td>\n",
       "      <td>-0.007995</td>\n",
       "      <td>-0.000673</td>\n",
       "      <td>0.002606</td>\n",
       "      <td>-0.005487</td>\n",
       "      <td>-0.001828</td>\n",
       "      <td>-0.004528</td>\n",
       "      <td>0.004799</td>\n",
       "      <td>0.002081</td>\n",
       "      <td>0.001090</td>\n",
       "      <td>0.000528</td>\n",
       "    </tr>\n",
       "    <tr>\n",
       "      <th>complexity</th>\n",
       "      <td>-0.006157</td>\n",
       "      <td>1.000000</td>\n",
       "      <td>0.641457</td>\n",
       "      <td>-0.386950</td>\n",
       "      <td>-0.229183</td>\n",
       "      <td>-0.197414</td>\n",
       "      <td>-0.330200</td>\n",
       "      <td>-0.443077</td>\n",
       "      <td>-0.245508</td>\n",
       "      <td>-0.572658</td>\n",
       "      <td>-0.351407</td>\n",
       "      <td>-0.331379</td>\n",
       "      <td>-0.313677</td>\n",
       "      <td>-0.192058</td>\n",
       "    </tr>\n",
       "    <tr>\n",
       "      <th>subjectivity</th>\n",
       "      <td>0.002166</td>\n",
       "      <td>0.641457</td>\n",
       "      <td>1.000000</td>\n",
       "      <td>-0.264912</td>\n",
       "      <td>-0.093522</td>\n",
       "      <td>-0.166773</td>\n",
       "      <td>-0.283030</td>\n",
       "      <td>-0.271023</td>\n",
       "      <td>-0.222114</td>\n",
       "      <td>-0.412187</td>\n",
       "      <td>-0.273612</td>\n",
       "      <td>-0.257938</td>\n",
       "      <td>-0.244608</td>\n",
       "      <td>-0.143811</td>\n",
       "    </tr>\n",
       "    <tr>\n",
       "      <th>synset_count</th>\n",
       "      <td>-0.000456</td>\n",
       "      <td>-0.386950</td>\n",
       "      <td>-0.264912</td>\n",
       "      <td>1.000000</td>\n",
       "      <td>0.240944</td>\n",
       "      <td>0.102879</td>\n",
       "      <td>0.400755</td>\n",
       "      <td>0.472291</td>\n",
       "      <td>0.307537</td>\n",
       "      <td>0.509719</td>\n",
       "      <td>0.190059</td>\n",
       "      <td>0.176753</td>\n",
       "      <td>0.183789</td>\n",
       "      <td>0.083268</td>\n",
       "    </tr>\n",
       "    <tr>\n",
       "      <th>wn_depth</th>\n",
       "      <td>-0.007995</td>\n",
       "      <td>-0.229183</td>\n",
       "      <td>-0.093522</td>\n",
       "      <td>0.240944</td>\n",
       "      <td>1.000000</td>\n",
       "      <td>0.076729</td>\n",
       "      <td>0.072052</td>\n",
       "      <td>0.679126</td>\n",
       "      <td>0.057437</td>\n",
       "      <td>0.394516</td>\n",
       "      <td>-0.126224</td>\n",
       "      <td>-0.091767</td>\n",
       "      <td>-0.060004</td>\n",
       "      <td>-0.055689</td>\n",
       "    </tr>\n",
       "    <tr>\n",
       "      <th>hyponym_count</th>\n",
       "      <td>-0.000673</td>\n",
       "      <td>-0.197414</td>\n",
       "      <td>-0.166773</td>\n",
       "      <td>0.102879</td>\n",
       "      <td>0.076729</td>\n",
       "      <td>1.000000</td>\n",
       "      <td>0.158838</td>\n",
       "      <td>0.198561</td>\n",
       "      <td>0.089666</td>\n",
       "      <td>0.196264</td>\n",
       "      <td>0.083040</td>\n",
       "      <td>0.084203</td>\n",
       "      <td>0.099790</td>\n",
       "      <td>0.034594</td>\n",
       "    </tr>\n",
       "    <tr>\n",
       "      <th>web_1t</th>\n",
       "      <td>0.002606</td>\n",
       "      <td>-0.330200</td>\n",
       "      <td>-0.283030</td>\n",
       "      <td>0.400755</td>\n",
       "      <td>0.072052</td>\n",
       "      <td>0.158838</td>\n",
       "      <td>1.000000</td>\n",
       "      <td>0.386450</td>\n",
       "      <td>0.454876</td>\n",
       "      <td>0.417500</td>\n",
       "      <td>0.264040</td>\n",
       "      <td>0.219275</td>\n",
       "      <td>0.217878</td>\n",
       "      <td>0.141981</td>\n",
       "    </tr>\n",
       "    <tr>\n",
       "      <th>log_web_1t</th>\n",
       "      <td>-0.005487</td>\n",
       "      <td>-0.443077</td>\n",
       "      <td>-0.271023</td>\n",
       "      <td>0.472291</td>\n",
       "      <td>0.679126</td>\n",
       "      <td>0.198561</td>\n",
       "      <td>0.386450</td>\n",
       "      <td>1.000000</td>\n",
       "      <td>0.230239</td>\n",
       "      <td>0.668821</td>\n",
       "      <td>-0.002807</td>\n",
       "      <td>-0.005348</td>\n",
       "      <td>0.019663</td>\n",
       "      <td>0.036421</td>\n",
       "    </tr>\n",
       "    <tr>\n",
       "      <th>subtlex</th>\n",
       "      <td>-0.001828</td>\n",
       "      <td>-0.245508</td>\n",
       "      <td>-0.222114</td>\n",
       "      <td>0.307537</td>\n",
       "      <td>0.057437</td>\n",
       "      <td>0.089666</td>\n",
       "      <td>0.454876</td>\n",
       "      <td>0.230239</td>\n",
       "      <td>1.000000</td>\n",
       "      <td>0.488809</td>\n",
       "      <td>0.234322</td>\n",
       "      <td>0.219372</td>\n",
       "      <td>0.209361</td>\n",
       "      <td>0.052384</td>\n",
       "    </tr>\n",
       "    <tr>\n",
       "      <th>log_subtlex</th>\n",
       "      <td>-0.004528</td>\n",
       "      <td>-0.572658</td>\n",
       "      <td>-0.412187</td>\n",
       "      <td>0.509719</td>\n",
       "      <td>0.394516</td>\n",
       "      <td>0.196264</td>\n",
       "      <td>0.417500</td>\n",
       "      <td>0.668821</td>\n",
       "      <td>0.488809</td>\n",
       "      <td>1.000000</td>\n",
       "      <td>0.238510</td>\n",
       "      <td>0.226166</td>\n",
       "      <td>0.229902</td>\n",
       "      <td>0.143873</td>\n",
       "    </tr>\n",
       "    <tr>\n",
       "      <th>familiarity</th>\n",
       "      <td>0.004799</td>\n",
       "      <td>-0.351407</td>\n",
       "      <td>-0.273612</td>\n",
       "      <td>0.190059</td>\n",
       "      <td>-0.126224</td>\n",
       "      <td>0.083040</td>\n",
       "      <td>0.264040</td>\n",
       "      <td>-0.002807</td>\n",
       "      <td>0.234322</td>\n",
       "      <td>0.238510</td>\n",
       "      <td>1.000000</td>\n",
       "      <td>0.961350</td>\n",
       "      <td>0.911726</td>\n",
       "      <td>0.630943</td>\n",
       "    </tr>\n",
       "    <tr>\n",
       "      <th>imageability</th>\n",
       "      <td>0.002081</td>\n",
       "      <td>-0.331379</td>\n",
       "      <td>-0.257938</td>\n",
       "      <td>0.176753</td>\n",
       "      <td>-0.091767</td>\n",
       "      <td>0.084203</td>\n",
       "      <td>0.219275</td>\n",
       "      <td>-0.005348</td>\n",
       "      <td>0.219372</td>\n",
       "      <td>0.226166</td>\n",
       "      <td>0.961350</td>\n",
       "      <td>1.000000</td>\n",
       "      <td>0.965179</td>\n",
       "      <td>0.593503</td>\n",
       "    </tr>\n",
       "    <tr>\n",
       "      <th>concreteness</th>\n",
       "      <td>0.001090</td>\n",
       "      <td>-0.313677</td>\n",
       "      <td>-0.244608</td>\n",
       "      <td>0.183789</td>\n",
       "      <td>-0.060004</td>\n",
       "      <td>0.099790</td>\n",
       "      <td>0.217878</td>\n",
       "      <td>0.019663</td>\n",
       "      <td>0.209361</td>\n",
       "      <td>0.229902</td>\n",
       "      <td>0.911726</td>\n",
       "      <td>0.965179</td>\n",
       "      <td>1.000000</td>\n",
       "      <td>0.605484</td>\n",
       "    </tr>\n",
       "    <tr>\n",
       "      <th>ageOfAcqu</th>\n",
       "      <td>0.000528</td>\n",
       "      <td>-0.192058</td>\n",
       "      <td>-0.143811</td>\n",
       "      <td>0.083268</td>\n",
       "      <td>-0.055689</td>\n",
       "      <td>0.034594</td>\n",
       "      <td>0.141981</td>\n",
       "      <td>0.036421</td>\n",
       "      <td>0.052384</td>\n",
       "      <td>0.143873</td>\n",
       "      <td>0.630943</td>\n",
       "      <td>0.593503</td>\n",
       "      <td>0.605484</td>\n",
       "      <td>1.000000</td>\n",
       "    </tr>\n",
       "  </tbody>\n",
       "</table>\n",
       "</div>"
      ],
      "text/plain": [
       "               anno_count  complexity  subjectivity  synset_count  wn_depth  \\\n",
       "anno_count       1.000000   -0.006157      0.002166     -0.000456 -0.007995   \n",
       "complexity      -0.006157    1.000000      0.641457     -0.386950 -0.229183   \n",
       "subjectivity     0.002166    0.641457      1.000000     -0.264912 -0.093522   \n",
       "synset_count    -0.000456   -0.386950     -0.264912      1.000000  0.240944   \n",
       "wn_depth        -0.007995   -0.229183     -0.093522      0.240944  1.000000   \n",
       "hyponym_count   -0.000673   -0.197414     -0.166773      0.102879  0.076729   \n",
       "web_1t           0.002606   -0.330200     -0.283030      0.400755  0.072052   \n",
       "log_web_1t      -0.005487   -0.443077     -0.271023      0.472291  0.679126   \n",
       "subtlex         -0.001828   -0.245508     -0.222114      0.307537  0.057437   \n",
       "log_subtlex     -0.004528   -0.572658     -0.412187      0.509719  0.394516   \n",
       "familiarity      0.004799   -0.351407     -0.273612      0.190059 -0.126224   \n",
       "imageability     0.002081   -0.331379     -0.257938      0.176753 -0.091767   \n",
       "concreteness     0.001090   -0.313677     -0.244608      0.183789 -0.060004   \n",
       "ageOfAcqu        0.000528   -0.192058     -0.143811      0.083268 -0.055689   \n",
       "\n",
       "               hyponym_count    web_1t  log_web_1t   subtlex  log_subtlex  \\\n",
       "anno_count         -0.000673  0.002606   -0.005487 -0.001828    -0.004528   \n",
       "complexity         -0.197414 -0.330200   -0.443077 -0.245508    -0.572658   \n",
       "subjectivity       -0.166773 -0.283030   -0.271023 -0.222114    -0.412187   \n",
       "synset_count        0.102879  0.400755    0.472291  0.307537     0.509719   \n",
       "wn_depth            0.076729  0.072052    0.679126  0.057437     0.394516   \n",
       "hyponym_count       1.000000  0.158838    0.198561  0.089666     0.196264   \n",
       "web_1t              0.158838  1.000000    0.386450  0.454876     0.417500   \n",
       "log_web_1t          0.198561  0.386450    1.000000  0.230239     0.668821   \n",
       "subtlex             0.089666  0.454876    0.230239  1.000000     0.488809   \n",
       "log_subtlex         0.196264  0.417500    0.668821  0.488809     1.000000   \n",
       "familiarity         0.083040  0.264040   -0.002807  0.234322     0.238510   \n",
       "imageability        0.084203  0.219275   -0.005348  0.219372     0.226166   \n",
       "concreteness        0.099790  0.217878    0.019663  0.209361     0.229902   \n",
       "ageOfAcqu           0.034594  0.141981    0.036421  0.052384     0.143873   \n",
       "\n",
       "               familiarity  imageability  concreteness  ageOfAcqu  \n",
       "anno_count        0.004799      0.002081      0.001090   0.000528  \n",
       "complexity       -0.351407     -0.331379     -0.313677  -0.192058  \n",
       "subjectivity     -0.273612     -0.257938     -0.244608  -0.143811  \n",
       "synset_count      0.190059      0.176753      0.183789   0.083268  \n",
       "wn_depth         -0.126224     -0.091767     -0.060004  -0.055689  \n",
       "hyponym_count     0.083040      0.084203      0.099790   0.034594  \n",
       "web_1t            0.264040      0.219275      0.217878   0.141981  \n",
       "log_web_1t       -0.002807     -0.005348      0.019663   0.036421  \n",
       "subtlex           0.234322      0.219372      0.209361   0.052384  \n",
       "log_subtlex       0.238510      0.226166      0.229902   0.143873  \n",
       "familiarity       1.000000      0.961350      0.911726   0.630943  \n",
       "imageability      0.961350      1.000000      0.965179   0.593503  \n",
       "concreteness      0.911726      0.965179      1.000000   0.605484  \n",
       "ageOfAcqu         0.630943      0.593503      0.605484   1.000000  "
      ]
     },
     "execution_count": 12,
     "metadata": {},
     "output_type": "execute_result"
    }
   ],
   "source": [
    "df.corr()"
   ]
  },
  {
   "cell_type": "code",
   "execution_count": 13,
   "id": "5f6b916a",
   "metadata": {},
   "outputs": [],
   "source": [
    "df.to_pickle(\"lcp_ftrs.pkl\")"
   ]
  },
  {
   "cell_type": "code",
   "execution_count": null,
   "id": "1af4cdd4",
   "metadata": {},
   "outputs": [],
   "source": []
  }
 ],
 "metadata": {
  "kernelspec": {
   "display_name": "Python 3 (ipykernel)",
   "language": "python",
   "name": "python3"
  },
  "language_info": {
   "codemirror_mode": {
    "name": "ipython",
    "version": 3
   },
   "file_extension": ".py",
   "mimetype": "text/x-python",
   "name": "python",
   "nbconvert_exporter": "python",
   "pygments_lexer": "ipython3",
   "version": "3.8.5"
  }
 },
 "nbformat": 4,
 "nbformat_minor": 5
}
